=== Solution 1 ===
+-------+-------+-------+
| 4 2 7 | 9 8 6 | 5 3 1 |
| 1 9 5 | 7 4 3 | 8 6 2 |
| 6 8 3 | 5 2 1 | 9 7 4 |
+-------+-------+-------+
| 9 7 4 | 8 1 2 | 6 5 3 |
| 8 6 2 | 3 9 5 | 4 1 7 |
| 5 3 1 | 4 6 7 | 2 9 8 |
+-------+-------+-------+
| 3 4 8 | 6 7 9 | 1 2 5 |
| 7 1 9 | 2 5 8 | 3 4 6 |
| 2 5 6 | 1 3 4 | 7 8 9 |
+-------+-------+-------+

=== Solution 2 ===
+-------+-------+-------+
| 4 3 7 | 9 8 6 | 5 2 1 |
| 1 9 5 | 7 4 2 | 8 6 3 |
| 6 8 2 | 5 3 1 | 9 7 4 |
+-------+-------+-------+
| 9 7 4 | 8 1 3 | 6 5 2 |
| 8 6 3 | 2 9 5 | 4 1 7 |
| 5 2 1 | 4 6 7 | 3 9 8 |
+-------+-------+-------+
| 2 4 8 | 6 7 9 | 1 3 5 |
| 7 1 9 | 3 5 8 | 2 4 6 |
| 3 5 6 | 1 2 4 | 7 8 9 |
+-------+-------+-------+

=== Solution 3 ===
+-------+-------+-------+
| 6 8 2 | 5 3 1 | 9 7 4 |
| 1 9 5 | 7 4 2 | 8 6 3 |
| 4 3 7 | 9 8 6 | 5 2 1 |
+-------+-------+-------+
| 9 7 4 | 8 1 3 | 6 5 2 |
| 8 6 3 | 2 9 5 | 4 1 7 |
| 5 2 1 | 4 6 7 | 3 9 8 |
+-------+-------+-------+
| 2 4 8 | 6 7 9 | 1 3 5 |
| 7 1 9 | 3 5 8 | 2 4 6 |
| 3 5 6 | 1 2 4 | 7 8 9 |
+-------+-------+-------+

=== Solution 4 ===
+-------+-------+-------+
| 8 6 2 | 1 3 5 | 9 7 4 |
| 1 9 5 | 2 4 7 | 8 6 3 |
| 3 7 4 | 6 8 9 | 5 2 1 |
+-------+-------+-------+
| 9 8 7 | 3 1 4 | 6 5 2 |
| 6 5 3 | 7 9 2 | 4 1 8 |
| 4 2 1 | 5 6 8 | 3 9 7 |
+-------+-------+-------+
| 2 4 8 | 9 7 6 | 1 3 5 |
| 7 1 9 | 8 5 3 | 2 4 6 |
| 5 3 6 | 4 2 1 | 7 8 9 |
+-------+-------+-------+

=== Solution 5 ===
+-------+-------+-------+
| 8 6 2 | 1 3 5 | 9 7 4 |
| 5 9 1 | 2 4 7 | 8 6 3 |
| 4 7 3 | 6 8 9 | 5 2 1 |
+-------+-------+-------+
| 7 8 9 | 3 1 4 | 6 5 2 |
| 3 5 6 | 7 9 2 | 4 1 8 |
| 1 2 4 | 5 6 8 | 3 9 7 |
+-------+-------+-------+
| 2 4 8 | 9 7 6 | 1 3 5 |
| 9 1 7 | 8 5 3 | 2 4 6 |
| 6 3 5 | 4 2 1 | 7 8 9 |
+-------+-------+-------+

=== Solution 6 ===
+-------+-------+-------+
| 6 8 2 | 1 3 5 | 9 7 4 |
| 5 1 9 | 2 4 7 | 8 6 3 |
| 7 3 4 | 6 8 9 | 5 2 1 |
+-------+-------+-------+
| 9 7 6 | 3 1 2 | 4 5 8 |
| 8 5 3 | 7 9 4 | 6 1 2 |
| 4 2 1 | 5 6 8 | 3 9 7 |
+-------+-------+-------+
| 2 4 8 | 9 7 6 | 1 3 5 |
| 1 9 7 | 8 5 3 | 2 4 6 |
| 3 6 5 | 4 2 1 | 7 8 9 |
+-------+-------+-------+

=== Solution 7 ===
+-------+-------+-------+
| 6 8 2 | 1 3 5 | 9 7 4 |
| 5 1 9 | 2 4 7 | 8 6 3 |
| 7 3 4 | 6 8 9 | 5 2 1 |
+-------+-------+-------+
| 9 7 6 | 3 1 2 | 4 5 8 |
| 8 5 3 | 7 9 4 | 6 1 2 |
| 4 2 1 | 5 6 8 | 3 9 7 |
+-------+-------+-------+
| 3 6 5 | 4 2 1 | 7 8 9 |
| 1 9 7 | 8 5 3 | 2 4 6 |
| 2 4 8 | 9 7 6 | 1 3 5 |
+-------+-------+-------+

=== Solution 8 ===
+-------+-------+-------+
| 2 8 6 | 1 3 5 | 9 7 4 |
| 9 1 5 | 2 4 7 | 8 6 3 |
| 4 3 7 | 6 8 9 | 5 2 1 |
+-------+-------+-------+
| 6 7 9 | 3 1 2 | 4 5 8 |
| 3 5 8 | 7 9 4 | 6 1 2 |
| 1 2 4 | 5 6 8 | 3 9 7 |
+-------+-------+-------+
| 5 6 3 | 4 2 1 | 7 8 9 |
| 7 9 1 | 8 5 3 | 2 4 6 |
| 8 4 2 | 9 7 6 | 1 3 5 |
+-------+-------+-------+

=== Solution 9 ===
+-------+-------+-------+
| 2 8 6 | 1 3 5 | 4 7 9 |
| 9 1 5 | 2 4 7 | 3 6 8 |
| 4 3 7 | 6 8 9 | 1 2 5 |
+-------+-------+-------+
| 6 7 9 | 3 1 2 | 8 5 4 |
| 3 5 8 | 7 9 4 | 2 1 6 |
| 1 2 4 | 5 6 8 | 7 9 3 |
+-------+-------+-------+
| 5 6 3 | 4 2 1 | 9 8 7 |
| 7 9 1 | 8 5 3 | 6 4 2 |
| 8 4 2 | 9 7 6 | 5 3 1 |
+-------+-------+-------+

=== Solution 10 ===
+-------+-------+-------+
| 2 8 6 | 1 3 5 | 4 7 9 |
| 5 9 1 | 2 4 7 | 3 6 8 |
| 4 3 7 | 6 8 9 | 1 2 5 |
+-------+-------+-------+
| 6 7 9 | 3 1 2 | 8 5 4 |
| 3 5 8 | 4 9 6 | 2 1 7 |
| 1 2 4 | 7 5 8 | 6 9 3 |
+-------+-------+-------+
| 7 4 3 | 5 2 1 | 9 8 6 |
| 9 1 5 | 8 6 3 | 7 4 2 |
| 8 6 2 | 9 7 4 | 5 3 1 |
+-------+-------+-------+

=== Solution 11 ===
+-------+-------+-------+
| 8 6 2 | 1 3 5 | 4 7 9 |
| 5 9 1 | 2 4 7 | 3 6 8 |
| 4 3 7 | 6 8 9 | 1 2 5 |
+-------+-------+-------+
| 6 7 9 | 3 1 2 | 8 5 4 |
| 3 5 8 | 4 9 6 | 2 1 7 |
| 1 2 4 | 7 5 8 | 6 9 3 |
+-------+-------+-------+
| 7 4 3 | 5 2 1 | 9 8 6 |
| 9 1 5 | 8 6 3 | 7 4 2 |
| 2 8 6 | 9 7 4 | 5 3 1 |
+-------+-------+-------+

=== Solution 12 ===
+-------+-------+-------+
| 8 6 2 | 1 3 5 | 4 7 9 |
| 5 9 1 | 2 4 7 | 3 6 8 |
| 4 3 7 | 6 8 9 | 1 2 5 |
+-------+-------+-------+
| 6 7 9 | 3 5 2 | 8 1 4 |
| 3 5 8 | 4 1 6 | 2 9 7 |
| 1 2 4 | 7 9 8 | 6 5 3 |
+-------+-------+-------+
| 7 4 3 | 5 2 1 | 9 8 6 |
| 9 1 5 | 8 6 3 | 7 4 2 |
| 2 8 6 | 9 7 4 | 5 3 1 |
+-------+-------+-------+

=== Solution 13 ===
+-------+-------+-------+
| 2 8 6 | 1 3 5 | 4 7 9 |
| 5 9 1 | 2 4 7 | 3 6 8 |
| 4 3 7 | 6 8 9 | 1 2 5 |
+-------+-------+-------+
| 6 7 9 | 3 5 2 | 8 1 4 |
| 3 5 8 | 4 1 6 | 2 9 7 |
| 1 2 4 | 7 9 8 | 6 5 3 |
+-------+-------+-------+
| 7 4 3 | 5 2 1 | 9 8 6 |
| 9 1 5 | 8 6 3 | 7 4 2 |
| 8 6 2 | 9 7 4 | 5 3 1 |
+-------+-------+-------+

=== Solution 14 ===
+-------+-------+-------+
| 2 8 6 | 1 3 5 | 4 7 9 |
| 9 1 5 | 2 4 7 | 3 6 8 |
| 4 3 7 | 6 8 9 | 1 2 5 |
+-------+-------+-------+
| 6 7 9 | 3 5 2 | 8 1 4 |
| 3 5 8 | 4 1 6 | 2 9 7 |
| 1 2 4 | 7 9 8 | 6 5 3 |
+-------+-------+-------+
| 7 4 3 | 5 2 1 | 9 8 6 |
| 5 9 1 | 8 6 3 | 7 4 2 |
| 8 6 2 | 9 7 4 | 5 3 1 |
+-------+-------+-------+

=== Solution 15 ===
+-------+-------+-------+
| 8 6 2 | 1 3 5 | 4 7 9 |
| 9 1 5 | 2 4 7 | 3 6 8 |
| 4 3 7 | 6 8 9 | 1 2 5 |
+-------+-------+-------+
| 6 7 9 | 3 5 2 | 8 1 4 |
| 3 5 8 | 4 1 6 | 2 9 7 |
| 1 2 4 | 7 9 8 | 6 5 3 |
+-------+-------+-------+
| 7 4 3 | 5 2 1 | 9 8 6 |
| 5 9 1 | 8 6 3 | 7 4 2 |
| 2 8 6 | 9 7 4 | 5 3 1 |
+-------+-------+-------+

=== Solution 16 ===
+-------+-------+-------+
| 8 6 2 | 1 3 5 | 4 7 9 |
| 9 1 5 | 2 4 7 | 3 6 8 |
| 4 3 7 | 6 8 9 | 1 2 5 |
+-------+-------+-------+
| 6 7 9 | 4 5 2 | 8 1 3 |
| 3 5 8 | 7 1 6 | 2 9 4 |
| 1 2 4 | 3 9 8 | 6 5 7 |
+-------+-------+-------+
| 7 4 3 | 5 2 1 | 9 8 6 |
| 5 9 1 | 8 6 3 | 7 4 2 |
| 2 8 6 | 9 7 4 | 5 3 1 |
+-------+-------+-------+

=== Solution 17 ===
+-------+-------+-------+
| 2 8 6 | 1 3 5 | 4 7 9 |
| 9 1 5 | 2 4 7 | 3 6 8 |
| 4 3 7 | 6 8 9 | 1 2 5 |
+-------+-------+-------+
| 6 7 9 | 4 5 2 | 8 1 3 |
| 3 5 8 | 7 1 6 | 2 9 4 |
| 1 2 4 | 3 9 8 | 6 5 7 |
+-------+-------+-------+
| 7 4 3 | 5 2 1 | 9 8 6 |
| 5 9 1 | 8 6 3 | 7 4 2 |
| 8 6 2 | 9 7 4 | 5 3 1 |
+-------+-------+-------+

=== Solution 18 ===
+-------+-------+-------+
| 2 8 6 | 1 3 5 | 4 7 9 |
| 5 9 1 | 2 4 7 | 3 6 8 |
| 4 3 7 | 6 8 9 | 1 2 5 |
+-------+-------+-------+
| 6 7 9 | 4 5 2 | 8 1 3 |
| 3 5 8 | 7 1 6 | 2 9 4 |
| 1 2 4 | 3 9 8 | 6 5 7 |
+-------+-------+-------+
| 7 4 3 | 5 2 1 | 9 8 6 |
| 9 1 5 | 8 6 3 | 7 4 2 |
| 8 6 2 | 9 7 4 | 5 3 1 |
+-------+-------+-------+

=== Solution 19 ===
+-------+-------+-------+
| 8 6 2 | 1 3 5 | 4 7 9 |
| 5 9 1 | 2 4 7 | 3 6 8 |
| 4 3 7 | 6 8 9 | 1 2 5 |
+-------+-------+-------+
| 6 7 9 | 4 5 2 | 8 1 3 |
| 3 5 8 | 7 1 6 | 2 9 4 |
| 1 2 4 | 3 9 8 | 6 5 7 |
+-------+-------+-------+
| 7 4 3 | 5 2 1 | 9 8 6 |
| 9 1 5 | 8 6 3 | 7 4 2 |
| 2 8 6 | 9 7 4 | 5 3 1 |
+-------+-------+-------+

=== Solution 20 ===
+-------+-------+-------+
| 8 6 2 | 1 3 5 | 4 7 9 |
| 5 9 1 | 2 4 7 | 3 6 8 |
| 4 3 7 | 6 8 9 | 1 2 5 |
+-------+-------+-------+
| 6 7 9 | 4 5 8 | 2 1 3 |
| 3 5 8 | 7 1 2 | 6 9 4 |
| 1 2 4 | 3 9 6 | 8 5 7 |
+-------+-------+-------+
| 7 4 3 | 5 2 1 | 9 8 6 |
| 9 1 5 | 8 6 3 | 7 4 2 |
| 2 8 6 | 9 7 4 | 5 3 1 |
+-------+-------+-------+

=== Solution 21 ===
+-------+-------+-------+
| 2 8 6 | 1 3 5 | 4 7 9 |
| 5 9 1 | 2 4 7 | 3 6 8 |
| 4 3 7 | 6 8 9 | 1 2 5 |
+-------+-------+-------+
| 6 7 9 | 4 5 8 | 2 1 3 |
| 3 5 8 | 7 1 2 | 6 9 4 |
| 1 2 4 | 3 9 6 | 8 5 7 |
+-------+-------+-------+
| 7 4 3 | 5 2 1 | 9 8 6 |
| 9 1 5 | 8 6 3 | 7 4 2 |
| 8 6 2 | 9 7 4 | 5 3 1 |
+-------+-------+-------+

=== Solution 22 ===
+-------+-------+-------+
| 2 8 6 | 1 3 5 | 4 7 9 |
| 9 1 5 | 2 4 7 | 3 6 8 |
| 4 3 7 | 6 8 9 | 1 2 5 |
+-------+-------+-------+
| 6 7 9 | 4 5 8 | 2 1 3 |
| 3 5 8 | 7 1 2 | 6 9 4 |
| 1 2 4 | 3 9 6 | 8 5 7 |
+-------+-------+-------+
| 7 4 3 | 5 2 1 | 9 8 6 |
| 5 9 1 | 8 6 3 | 7 4 2 |
| 8 6 2 | 9 7 4 | 5 3 1 |
+-------+-------+-------+

=== Solution 23 ===
+-------+-------+-------+
| 8 6 2 | 1 3 5 | 4 7 9 |
| 9 1 5 | 2 4 7 | 3 6 8 |
| 4 3 7 | 6 8 9 | 1 2 5 |
+-------+-------+-------+
| 6 7 9 | 4 5 8 | 2 1 3 |
| 3 5 8 | 7 1 2 | 6 9 4 |
| 1 2 4 | 3 9 6 | 8 5 7 |
+-------+-------+-------+
| 7 4 3 | 5 2 1 | 9 8 6 |
| 5 9 1 | 8 6 3 | 7 4 2 |
| 2 8 6 | 9 7 4 | 5 3 1 |
+-------+-------+-------+

=== Solution 24 ===
+-------+-------+-------+
| 8 6 2 | 1 3 5 | 4 7 9 |
| 9 1 5 | 2 4 7 | 3 6 8 |
| 4 3 7 | 6 8 9 | 1 2 5 |
+-------+-------+-------+
| 6 7 9 | 3 5 8 | 2 1 4 |
| 3 5 8 | 4 1 2 | 6 9 7 |
| 1 2 4 | 7 9 6 | 8 5 3 |
+-------+-------+-------+
| 7 4 3 | 5 2 1 | 9 8 6 |
| 5 9 1 | 8 6 3 | 7 4 2 |
| 2 8 6 | 9 7 4 | 5 3 1 |
+-------+-------+-------+

=== Solution 25 ===
+-------+-------+-------+
| 2 8 6 | 1 3 5 | 4 7 9 |
| 9 1 5 | 2 4 7 | 3 6 8 |
| 4 3 7 | 6 8 9 | 1 2 5 |
+-------+-------+-------+
| 6 7 9 | 3 5 8 | 2 1 4 |
| 3 5 8 | 4 1 2 | 6 9 7 |
| 1 2 4 | 7 9 6 | 8 5 3 |
+-------+-------+-------+
| 7 4 3 | 5 2 1 | 9 8 6 |
| 5 9 1 | 8 6 3 | 7 4 2 |
| 8 6 2 | 9 7 4 | 5 3 1 |
+-------+-------+-------+

=== Solution 26 ===
+-------+-------+-------+
| 2 8 6 | 1 3 5 | 4 7 9 |
| 5 9 1 | 2 4 7 | 3 6 8 |
| 4 3 7 | 6 8 9 | 1 2 5 |
+-------+-------+-------+
| 6 7 9 | 3 5 8 | 2 1 4 |
| 3 5 8 | 4 1 2 | 6 9 7 |
| 1 2 4 | 7 9 6 | 8 5 3 |
+-------+-------+-------+
| 7 4 3 | 5 2 1 | 9 8 6 |
| 9 1 5 | 8 6 3 | 7 4 2 |
| 8 6 2 | 9 7 4 | 5 3 1 |
+-------+-------+-------+

=== Solution 27 ===
+-------+-------+-------+
| 8 6 2 | 1 3 5 | 4 7 9 |
| 5 9 1 | 2 4 7 | 3 6 8 |
| 4 3 7 | 6 8 9 | 1 2 5 |
+-------+-------+-------+
| 6 7 9 | 3 5 8 | 2 1 4 |
| 3 5 8 | 4 1 2 | 6 9 7 |
| 1 2 4 | 7 9 6 | 8 5 3 |
+-------+-------+-------+
| 7 4 3 | 5 2 1 | 9 8 6 |
| 9 1 5 | 8 6 3 | 7 4 2 |
| 2 8 6 | 9 7 4 | 5 3 1 |
+-------+-------+-------+

=== Solution 28 ===
+-------+-------+-------+
| 8 6 2 | 1 3 5 | 4 7 9 |
| 5 9 1 | 2 4 7 | 3 6 8 |
| 7 4 3 | 6 8 9 | 1 2 5 |
+-------+-------+-------+
| 6 7 9 | 3 5 8 | 2 1 4 |
| 3 5 8 | 4 1 2 | 6 9 7 |
| 1 2 4 | 7 9 6 | 8 5 3 |
+-------+-------+-------+
| 4 3 7 | 5 2 1 | 9 8 6 |
| 9 1 5 | 8 6 3 | 7 4 2 |
| 2 8 6 | 9 7 4 | 5 3 1 |
+-------+-------+-------+

=== Solution 29 ===
+-------+-------+-------+
| 2 8 6 | 1 3 5 | 4 7 9 |
| 5 9 1 | 2 4 7 | 3 6 8 |
| 7 4 3 | 6 8 9 | 1 2 5 |
+-------+-------+-------+
| 6 7 9 | 3 5 8 | 2 1 4 |
| 3 5 8 | 4 1 2 | 6 9 7 |
| 1 2 4 | 7 9 6 | 8 5 3 |
+-------+-------+-------+
| 4 3 7 | 5 2 1 | 9 8 6 |
| 9 1 5 | 8 6 3 | 7 4 2 |
| 8 6 2 | 9 7 4 | 5 3 1 |
+-------+-------+-------+

=== Solution 30 ===
+-------+-------+-------+
| 2 8 6 | 1 3 5 | 4 7 9 |
| 9 1 5 | 2 4 7 | 3 6 8 |
| 7 4 3 | 6 8 9 | 1 2 5 |
+-------+-------+-------+
| 6 7 9 | 3 5 8 | 2 1 4 |
| 3 5 8 | 4 1 2 | 6 9 7 |
| 1 2 4 | 7 9 6 | 8 5 3 |
+-------+-------+-------+
| 4 3 7 | 5 2 1 | 9 8 6 |
| 5 9 1 | 8 6 3 | 7 4 2 |
| 8 6 2 | 9 7 4 | 5 3 1 |
+-------+-------+-------+

=== Solution 31 ===
+-------+-------+-------+
| 8 6 2 | 1 3 5 | 4 7 9 |
| 9 1 5 | 2 4 7 | 3 6 8 |
| 7 4 3 | 6 8 9 | 1 2 5 |
+-------+-------+-------+
| 6 7 9 | 3 5 8 | 2 1 4 |
| 3 5 8 | 4 1 2 | 6 9 7 |
| 1 2 4 | 7 9 6 | 8 5 3 |
+-------+-------+-------+
| 4 3 7 | 5 2 1 | 9 8 6 |
| 5 9 1 | 8 6 3 | 7 4 2 |
| 2 8 6 | 9 7 4 | 5 3 1 |
+-------+-------+-------+

=== Solution 32 ===
+-------+-------+-------+
| 8 6 2 | 1 3 5 | 4 7 9 |
| 9 1 5 | 2 4 7 | 3 6 8 |
| 7 4 3 | 6 8 9 | 1 2 5 |
+-------+-------+-------+
| 6 7 9 | 4 5 8 | 2 1 3 |
| 3 5 8 | 7 1 2 | 6 9 4 |
| 1 2 4 | 3 9 6 | 8 5 7 |
+-------+-------+-------+
| 4 3 7 | 5 2 1 | 9 8 6 |
| 5 9 1 | 8 6 3 | 7 4 2 |
| 2 8 6 | 9 7 4 | 5 3 1 |
+-------+-------+-------+

=== Solution 33 ===
+-------+-------+-------+
| 2 8 6 | 1 3 5 | 4 7 9 |
| 9 1 5 | 2 4 7 | 3 6 8 |
| 7 4 3 | 6 8 9 | 1 2 5 |
+-------+-------+-------+
| 6 7 9 | 4 5 8 | 2 1 3 |
| 3 5 8 | 7 1 2 | 6 9 4 |
| 1 2 4 | 3 9 6 | 8 5 7 |
+-------+-------+-------+
| 4 3 7 | 5 2 1 | 9 8 6 |
| 5 9 1 | 8 6 3 | 7 4 2 |
| 8 6 2 | 9 7 4 | 5 3 1 |
+-------+-------+-------+

=== Solution 34 ===
+-------+-------+-------+
| 2 8 6 | 1 3 5 | 4 7 9 |
| 5 9 1 | 2 4 7 | 3 6 8 |
| 7 4 3 | 6 8 9 | 1 2 5 |
+-------+-------+-------+
| 6 7 9 | 4 5 8 | 2 1 3 |
| 3 5 8 | 7 1 2 | 6 9 4 |
| 1 2 4 | 3 9 6 | 8 5 7 |
+-------+-------+-------+
| 4 3 7 | 5 2 1 | 9 8 6 |
| 9 1 5 | 8 6 3 | 7 4 2 |
| 8 6 2 | 9 7 4 | 5 3 1 |
+-------+-------+-------+

=== Solution 35 ===
+-------+-------+-------+
| 8 6 2 | 1 3 5 | 4 7 9 |
| 5 9 1 | 2 4 7 | 3 6 8 |
| 7 4 3 | 6 8 9 | 1 2 5 |
+-------+-------+-------+
| 6 7 9 | 4 5 8 | 2 1 3 |
| 3 5 8 | 7 1 2 | 6 9 4 |
| 1 2 4 | 3 9 6 | 8 5 7 |
+-------+-------+-------+
| 4 3 7 | 5 2 1 | 9 8 6 |
| 9 1 5 | 8 6 3 | 7 4 2 |
| 2 8 6 | 9 7 4 | 5 3 1 |
+-------+-------+-------+

=== Solution 36 ===
+-------+-------+-------+
| 8 6 2 | 1 3 5 | 4 7 9 |
| 5 9 1 | 2 4 7 | 3 6 8 |
| 7 4 3 | 6 8 9 | 1 2 5 |
+-------+-------+-------+
| 6 7 9 | 4 5 2 | 8 1 3 |
| 3 5 8 | 7 1 6 | 2 9 4 |
| 1 2 4 | 3 9 8 | 6 5 7 |
+-------+-------+-------+
| 4 3 7 | 5 2 1 | 9 8 6 |
| 9 1 5 | 8 6 3 | 7 4 2 |
| 2 8 6 | 9 7 4 | 5 3 1 |
+-------+-------+-------+

=== Solution 37 ===
+-------+-------+-------+
| 2 8 6 | 1 3 5 | 4 7 9 |
| 5 9 1 | 2 4 7 | 3 6 8 |
| 7 4 3 | 6 8 9 | 1 2 5 |
+-------+-------+-------+
| 6 7 9 | 4 5 2 | 8 1 3 |
| 3 5 8 | 7 1 6 | 2 9 4 |
| 1 2 4 | 3 9 8 | 6 5 7 |
+-------+-------+-------+
| 4 3 7 | 5 2 1 | 9 8 6 |
| 9 1 5 | 8 6 3 | 7 4 2 |
| 8 6 2 | 9 7 4 | 5 3 1 |
+-------+-------+-------+

=== Solution 38 ===
+-------+-------+-------+
| 2 8 6 | 1 3 5 | 4 7 9 |
| 9 1 5 | 2 4 7 | 3 6 8 |
| 7 4 3 | 6 8 9 | 1 2 5 |
+-------+-------+-------+
| 6 7 9 | 4 5 2 | 8 1 3 |
| 3 5 8 | 7 1 6 | 2 9 4 |
| 1 2 4 | 3 9 8 | 6 5 7 |
+-------+-------+-------+
| 4 3 7 | 5 2 1 | 9 8 6 |
| 5 9 1 | 8 6 3 | 7 4 2 |
| 8 6 2 | 9 7 4 | 5 3 1 |
+-------+-------+-------+

=== Solution 39 ===
+-------+-------+-------+
| 8 6 2 | 1 3 5 | 4 7 9 |
| 9 1 5 | 2 4 7 | 3 6 8 |
| 7 4 3 | 6 8 9 | 1 2 5 |
+-------+-------+-------+
| 6 7 9 | 4 5 2 | 8 1 3 |
| 3 5 8 | 7 1 6 | 2 9 4 |
| 1 2 4 | 3 9 8 | 6 5 7 |
+-------+-------+-------+
| 4 3 7 | 5 2 1 | 9 8 6 |
| 5 9 1 | 8 6 3 | 7 4 2 |
| 2 8 6 | 9 7 4 | 5 3 1 |
+-------+-------+-------+

=== Solution 40 ===
+-------+-------+-------+
| 8 6 2 | 1 3 5 | 4 7 9 |
| 9 1 5 | 2 4 7 | 3 6 8 |
| 7 4 3 | 6 8 9 | 1 2 5 |
+-------+-------+-------+
| 6 7 9 | 3 5 2 | 8 1 4 |
| 3 5 8 | 4 1 6 | 2 9 7 |
| 1 2 4 | 7 9 8 | 6 5 3 |
+-------+-------+-------+
| 4 3 7 | 5 2 1 | 9 8 6 |
| 5 9 1 | 8 6 3 | 7 4 2 |
| 2 8 6 | 9 7 4 | 5 3 1 |
+-------+-------+-------+

=== Solution 41 ===
+-------+-------+-------+
| 2 8 6 | 1 3 5 | 4 7 9 |
| 9 1 5 | 2 4 7 | 3 6 8 |
| 7 4 3 | 6 8 9 | 1 2 5 |
+-------+-------+-------+
| 6 7 9 | 3 5 2 | 8 1 4 |
| 3 5 8 | 4 1 6 | 2 9 7 |
| 1 2 4 | 7 9 8 | 6 5 3 |
+-------+-------+-------+
| 4 3 7 | 5 2 1 | 9 8 6 |
| 5 9 1 | 8 6 3 | 7 4 2 |
| 8 6 2 | 9 7 4 | 5 3 1 |
+-------+-------+-------+

=== Solution 42 ===
+-------+-------+-------+
| 2 8 6 | 1 3 5 | 4 7 9 |
| 5 9 1 | 2 4 7 | 3 6 8 |
| 7 4 3 | 6 8 9 | 1 2 5 |
+-------+-------+-------+
| 6 7 9 | 3 5 2 | 8 1 4 |
| 3 5 8 | 4 1 6 | 2 9 7 |
| 1 2 4 | 7 9 8 | 6 5 3 |
+-------+-------+-------+
| 4 3 7 | 5 2 1 | 9 8 6 |
| 9 1 5 | 8 6 3 | 7 4 2 |
| 8 6 2 | 9 7 4 | 5 3 1 |
+-------+-------+-------+

=== Solution 43 ===
+-------+-------+-------+
| 8 6 2 | 1 3 5 | 4 7 9 |
| 5 9 1 | 2 4 7 | 3 6 8 |
| 7 4 3 | 6 8 9 | 1 2 5 |
+-------+-------+-------+
| 6 7 9 | 3 5 2 | 8 1 4 |
| 3 5 8 | 4 1 6 | 2 9 7 |
| 1 2 4 | 7 9 8 | 6 5 3 |
+-------+-------+-------+
| 4 3 7 | 5 2 1 | 9 8 6 |
| 9 1 5 | 8 6 3 | 7 4 2 |
| 2 8 6 | 9 7 4 | 5 3 1 |
+-------+-------+-------+

=== Solution 44 ===
+-------+-------+-------+
| 8 6 2 | 1 3 5 | 4 7 9 |
| 5 9 1 | 2 4 7 | 3 6 8 |
| 7 4 3 | 6 8 9 | 1 2 5 |
+-------+-------+-------+
| 6 7 9 | 3 5 2 | 8 1 4 |
| 3 5 8 | 4 1 6 | 2 9 7 |
| 1 2 4 | 7 9 8 | 6 5 3 |
+-------+-------+-------+
| 2 8 6 | 9 7 4 | 5 3 1 |
| 9 1 5 | 8 6 3 | 7 4 2 |
| 4 3 7 | 5 2 1 | 9 8 6 |
+-------+-------+-------+

=== Solution 45 ===
+-------+-------+-------+
| 2 8 6 | 1 3 5 | 4 7 9 |
| 5 9 1 | 2 4 7 | 3 6 8 |
| 7 4 3 | 6 8 9 | 1 2 5 |
+-------+-------+-------+
| 6 7 9 | 3 5 2 | 8 1 4 |
| 3 5 8 | 4 1 6 | 2 9 7 |
| 1 2 4 | 7 9 8 | 6 5 3 |
+-------+-------+-------+
| 8 6 2 | 9 7 4 | 5 3 1 |
| 9 1 5 | 8 6 3 | 7 4 2 |
| 4 3 7 | 5 2 1 | 9 8 6 |
+-------+-------+-------+

=== Solution 46 ===
+-------+-------+-------+
| 2 8 6 | 1 3 5 | 4 7 9 |
| 5 9 1 | 2 4 7 | 3 6 8 |
| 7 4 3 | 6 8 9 | 1 2 5 |
+-------+-------+-------+
| 6 7 9 | 4 5 2 | 8 1 3 |
| 3 5 8 | 7 1 6 | 2 9 4 |
| 1 2 4 | 3 9 8 | 6 5 7 |
+-------+-------+-------+
| 8 6 2 | 9 7 4 | 5 3 1 |
| 9 1 5 | 8 6 3 | 7 4 2 |
| 4 3 7 | 5 2 1 | 9 8 6 |
+-------+-------+-------+

=== Solution 47 ===
+-------+-------+-------+
| 8 6 2 | 1 3 5 | 4 7 9 |
| 5 9 1 | 2 4 7 | 3 6 8 |
| 7 4 3 | 6 8 9 | 1 2 5 |
+-------+-------+-------+
| 6 7 9 | 4 5 2 | 8 1 3 |
| 3 5 8 | 7 1 6 | 2 9 4 |
| 1 2 4 | 3 9 8 | 6 5 7 |
+-------+-------+-------+
| 2 8 6 | 9 7 4 | 5 3 1 |
| 9 1 5 | 8 6 3 | 7 4 2 |
| 4 3 7 | 5 2 1 | 9 8 6 |
+-------+-------+-------+

=== Solution 48 ===
+-------+-------+-------+
| 8 6 2 | 1 3 5 | 4 7 9 |
| 5 9 1 | 2 4 7 | 3 6 8 |
| 7 4 3 | 6 8 9 | 1 2 5 |
+-------+-------+-------+
| 6 7 9 | 4 5 8 | 2 1 3 |
| 3 5 8 | 7 1 2 | 6 9 4 |
| 1 2 4 | 3 9 6 | 8 5 7 |
+-------+-------+-------+
| 2 8 6 | 9 7 4 | 5 3 1 |
| 9 1 5 | 8 6 3 | 7 4 2 |
| 4 3 7 | 5 2 1 | 9 8 6 |
+-------+-------+-------+

=== Solution 49 ===
+-------+-------+-------+
| 2 8 6 | 1 3 5 | 4 7 9 |
| 5 9 1 | 2 4 7 | 3 6 8 |
| 7 4 3 | 6 8 9 | 1 2 5 |
+-------+-------+-------+
| 6 7 9 | 4 5 8 | 2 1 3 |
| 3 5 8 | 7 1 2 | 6 9 4 |
| 1 2 4 | 3 9 6 | 8 5 7 |
+-------+-------+-------+
| 8 6 2 | 9 7 4 | 5 3 1 |
| 9 1 5 | 8 6 3 | 7 4 2 |
| 4 3 7 | 5 2 1 | 9 8 6 |
+-------+-------+-------+

=== Solution 50 ===
+-------+-------+-------+
| 2 8 6 | 1 3 5 | 4 7 9 |
| 5 9 1 | 2 4 7 | 3 6 8 |
| 7 4 3 | 6 8 9 | 1 2 5 |
+-------+-------+-------+
| 6 7 9 | 3 5 8 | 2 1 4 |
| 3 5 8 | 4 1 2 | 6 9 7 |
| 1 2 4 | 7 9 6 | 8 5 3 |
+-------+-------+-------+
| 8 6 2 | 9 7 4 | 5 3 1 |
| 9 1 5 | 8 6 3 | 7 4 2 |
| 4 3 7 | 5 2 1 | 9 8 6 |
+-------+-------+-------+

=== Solution 51 ===
+-------+-------+-------+
| 8 6 2 | 1 3 5 | 4 7 9 |
| 5 9 1 | 2 4 7 | 3 6 8 |
| 7 4 3 | 6 8 9 | 1 2 5 |
+-------+-------+-------+
| 6 7 9 | 3 5 8 | 2 1 4 |
| 3 5 8 | 4 1 2 | 6 9 7 |
| 1 2 4 | 7 9 6 | 8 5 3 |
+-------+-------+-------+
| 2 8 6 | 9 7 4 | 5 3 1 |
| 9 1 5 | 8 6 3 | 7 4 2 |
| 4 3 7 | 5 2 1 | 9 8 6 |
+-------+-------+-------+

=== Solution 52 ===
+-------+-------+-------+
| 8 6 2 | 1 3 5 | 4 7 9 |
| 5 9 1 | 2 4 7 | 3 6 8 |
| 4 3 7 | 6 8 9 | 1 2 5 |
+-------+-------+-------+
| 6 7 9 | 3 5 8 | 2 1 4 |
| 3 5 8 | 4 1 2 | 6 9 7 |
| 1 2 4 | 7 9 6 | 8 5 3 |
+-------+-------+-------+
| 2 8 6 | 9 7 4 | 5 3 1 |
| 9 1 5 | 8 6 3 | 7 4 2 |
| 7 4 3 | 5 2 1 | 9 8 6 |
+-------+-------+-------+

=== Solution 53 ===
+-------+-------+-------+
| 2 8 6 | 1 3 5 | 4 7 9 |
| 5 9 1 | 2 4 7 | 3 6 8 |
| 4 3 7 | 6 8 9 | 1 2 5 |
+-------+-------+-------+
| 6 7 9 | 3 5 8 | 2 1 4 |
| 3 5 8 | 4 1 2 | 6 9 7 |
| 1 2 4 | 7 9 6 | 8 5 3 |
+-------+-------+-------+
| 8 6 2 | 9 7 4 | 5 3 1 |
| 9 1 5 | 8 6 3 | 7 4 2 |
| 7 4 3 | 5 2 1 | 9 8 6 |
+-------+-------+-------+

=== Solution 54 ===
+-------+-------+-------+
| 2 8 6 | 1 3 5 | 4 7 9 |
| 5 9 1 | 2 4 7 | 3 6 8 |
| 4 3 7 | 6 8 9 | 1 2 5 |
+-------+-------+-------+
| 6 7 9 | 4 5 8 | 2 1 3 |
| 3 5 8 | 7 1 2 | 6 9 4 |
| 1 2 4 | 3 9 6 | 8 5 7 |
+-------+-------+-------+
| 8 6 2 | 9 7 4 | 5 3 1 |
| 9 1 5 | 8 6 3 | 7 4 2 |
| 7 4 3 | 5 2 1 | 9 8 6 |
+-------+-------+-------+

=== Solution 55 ===
+-------+-------+-------+
| 8 6 2 | 1 3 5 | 4 7 9 |
| 5 9 1 | 2 4 7 | 3 6 8 |
| 4 3 7 | 6 8 9 | 1 2 5 |
+-------+-------+-------+
| 6 7 9 | 4 5 8 | 2 1 3 |
| 3 5 8 | 7 1 2 | 6 9 4 |
| 1 2 4 | 3 9 6 | 8 5 7 |
+-------+-------+-------+
| 2 8 6 | 9 7 4 | 5 3 1 |
| 9 1 5 | 8 6 3 | 7 4 2 |
| 7 4 3 | 5 2 1 | 9 8 6 |
+-------+-------+-------+

=== Solution 56 ===
+-------+-------+-------+
| 8 6 2 | 1 3 5 | 4 7 9 |
| 5 9 1 | 2 4 7 | 3 6 8 |
| 4 3 7 | 6 8 9 | 1 2 5 |
+-------+-------+-------+
| 6 7 9 | 4 5 2 | 8 1 3 |
| 3 5 8 | 7 1 6 | 2 9 4 |
| 1 2 4 | 3 9 8 | 6 5 7 |
+-------+-------+-------+
| 2 8 6 | 9 7 4 | 5 3 1 |
| 9 1 5 | 8 6 3 | 7 4 2 |
| 7 4 3 | 5 2 1 | 9 8 6 |
+-------+-------+-------+

=== Solution 57 ===
+-------+-------+-------+
| 2 8 6 | 1 3 5 | 4 7 9 |
| 5 9 1 | 2 4 7 | 3 6 8 |
| 4 3 7 | 6 8 9 | 1 2 5 |
+-------+-------+-------+
| 6 7 9 | 4 5 2 | 8 1 3 |
| 3 5 8 | 7 1 6 | 2 9 4 |
| 1 2 4 | 3 9 8 | 6 5 7 |
+-------+-------+-------+
| 8 6 2 | 9 7 4 | 5 3 1 |
| 9 1 5 | 8 6 3 | 7 4 2 |
| 7 4 3 | 5 2 1 | 9 8 6 |
+-------+-------+-------+

=== Solution 58 ===
+-------+-------+-------+
| 2 8 6 | 1 3 5 | 4 7 9 |
| 5 9 1 | 2 4 7 | 3 6 8 |
| 4 3 7 | 6 8 9 | 1 2 5 |
+-------+-------+-------+
| 6 7 9 | 3 5 2 | 8 1 4 |
| 3 5 8 | 4 1 6 | 2 9 7 |
| 1 2 4 | 7 9 8 | 6 5 3 |
+-------+-------+-------+
| 8 6 2 | 9 7 4 | 5 3 1 |
| 9 1 5 | 8 6 3 | 7 4 2 |
| 7 4 3 | 5 2 1 | 9 8 6 |
+-------+-------+-------+

=== Solution 59 ===
+-------+-------+-------+
| 8 6 2 | 1 3 5 | 4 7 9 |
| 5 9 1 | 2 4 7 | 3 6 8 |
| 4 3 7 | 6 8 9 | 1 2 5 |
+-------+-------+-------+
| 6 7 9 | 3 5 2 | 8 1 4 |
| 3 5 8 | 4 1 6 | 2 9 7 |
| 1 2 4 | 7 9 8 | 6 5 3 |
+-------+-------+-------+
| 2 8 6 | 9 7 4 | 5 3 1 |
| 9 1 5 | 8 6 3 | 7 4 2 |
| 7 4 3 | 5 2 1 | 9 8 6 |
+-------+-------+-------+

=== Solution 60 ===
+-------+-------+-------+
| 8 6 2 | 1 3 5 | 4 7 9 |
| 9 1 5 | 2 4 7 | 3 6 8 |
| 4 3 7 | 6 8 9 | 1 2 5 |
+-------+-------+-------+
| 6 7 9 | 3 5 2 | 8 1 4 |
| 3 5 8 | 4 1 6 | 2 9 7 |
| 1 2 4 | 7 9 8 | 6 5 3 |
+-------+-------+-------+
| 2 8 6 | 9 7 4 | 5 3 1 |
| 5 9 1 | 8 6 3 | 7 4 2 |
| 7 4 3 | 5 2 1 | 9 8 6 |
+-------+-------+-------+

=== Solution 61 ===
+-------+-------+-------+
| 2 8 6 | 1 3 5 | 4 7 9 |
| 9 1 5 | 2 4 7 | 3 6 8 |
| 4 3 7 | 6 8 9 | 1 2 5 |
+-------+-------+-------+
| 6 7 9 | 3 5 2 | 8 1 4 |
| 3 5 8 | 4 1 6 | 2 9 7 |
| 1 2 4 | 7 9 8 | 6 5 3 |
+-------+-------+-------+
| 8 6 2 | 9 7 4 | 5 3 1 |
| 5 9 1 | 8 6 3 | 7 4 2 |
| 7 4 3 | 5 2 1 | 9 8 6 |
+-------+-------+-------+

=== Solution 62 ===
+-------+-------+-------+
| 2 8 6 | 1 3 5 | 4 7 9 |
| 9 1 5 | 2 4 7 | 3 6 8 |
| 4 3 7 | 6 8 9 | 1 2 5 |
+-------+-------+-------+
| 6 7 9 | 4 5 2 | 8 1 3 |
| 3 5 8 | 7 1 6 | 2 9 4 |
| 1 2 4 | 3 9 8 | 6 5 7 |
+-------+-------+-------+
| 8 6 2 | 9 7 4 | 5 3 1 |
| 5 9 1 | 8 6 3 | 7 4 2 |
| 7 4 3 | 5 2 1 | 9 8 6 |
+-------+-------+-------+

=== Solution 63 ===
+-------+-------+-------+
| 8 6 2 | 1 3 5 | 4 7 9 |
| 9 1 5 | 2 4 7 | 3 6 8 |
| 4 3 7 | 6 8 9 | 1 2 5 |
+-------+-------+-------+
| 6 7 9 | 4 5 2 | 8 1 3 |
| 3 5 8 | 7 1 6 | 2 9 4 |
| 1 2 4 | 3 9 8 | 6 5 7 |
+-------+-------+-------+
| 2 8 6 | 9 7 4 | 5 3 1 |
| 5 9 1 | 8 6 3 | 7 4 2 |
| 7 4 3 | 5 2 1 | 9 8 6 |
+-------+-------+-------+

=== Solution 64 ===
+-------+-------+-------+
| 8 6 2 | 1 3 5 | 4 7 9 |
| 9 1 5 | 2 4 7 | 3 6 8 |
| 4 3 7 | 6 8 9 | 1 2 5 |
+-------+-------+-------+
| 6 7 9 | 4 5 8 | 2 1 3 |
| 3 5 8 | 7 1 2 | 6 9 4 |
| 1 2 4 | 3 9 6 | 8 5 7 |
+-------+-------+-------+
| 2 8 6 | 9 7 4 | 5 3 1 |
| 5 9 1 | 8 6 3 | 7 4 2 |
| 7 4 3 | 5 2 1 | 9 8 6 |
+-------+-------+-------+

=== Solution 65 ===
+-------+-------+-------+
| 2 8 6 | 1 3 5 | 4 7 9 |
| 9 1 5 | 2 4 7 | 3 6 8 |
| 4 3 7 | 6 8 9 | 1 2 5 |
+-------+-------+-------+
| 6 7 9 | 4 5 8 | 2 1 3 |
| 3 5 8 | 7 1 2 | 6 9 4 |
| 1 2 4 | 3 9 6 | 8 5 7 |
+-------+-------+-------+
| 8 6 2 | 9 7 4 | 5 3 1 |
| 5 9 1 | 8 6 3 | 7 4 2 |
| 7 4 3 | 5 2 1 | 9 8 6 |
+-------+-------+-------+

=== Solution 66 ===
+-------+-------+-------+
| 2 8 6 | 1 3 5 | 4 7 9 |
| 9 1 5 | 2 4 7 | 3 6 8 |
| 4 3 7 | 6 8 9 | 1 2 5 |
+-------+-------+-------+
| 6 7 9 | 3 5 8 | 2 1 4 |
| 3 5 8 | 4 1 2 | 6 9 7 |
| 1 2 4 | 7 9 6 | 8 5 3 |
+-------+-------+-------+
| 8 6 2 | 9 7 4 | 5 3 1 |
| 5 9 1 | 8 6 3 | 7 4 2 |
| 7 4 3 | 5 2 1 | 9 8 6 |
+-------+-------+-------+

=== Solution 67 ===
+-------+-------+-------+
| 8 6 2 | 1 3 5 | 4 7 9 |
| 9 1 5 | 2 4 7 | 3 6 8 |
| 4 3 7 | 6 8 9 | 1 2 5 |
+-------+-------+-------+
| 6 7 9 | 3 5 8 | 2 1 4 |
| 3 5 8 | 4 1 2 | 6 9 7 |
| 1 2 4 | 7 9 6 | 8 5 3 |
+-------+-------+-------+
| 2 8 6 | 9 7 4 | 5 3 1 |
| 5 9 1 | 8 6 3 | 7 4 2 |
| 7 4 3 | 5 2 1 | 9 8 6 |
+-------+-------+-------+

=== Solution 68 ===
+-------+-------+-------+
| 8 6 2 | 1 3 5 | 4 7 9 |
| 9 1 5 | 2 4 7 | 3 6 8 |
| 7 4 3 | 6 8 9 | 1 2 5 |
+-------+-------+-------+
| 6 7 9 | 3 5 8 | 2 1 4 |
| 3 5 8 | 4 1 2 | 6 9 7 |
| 1 2 4 | 7 9 6 | 8 5 3 |
+-------+-------+-------+
| 2 8 6 | 9 7 4 | 5 3 1 |
| 5 9 1 | 8 6 3 | 7 4 2 |
| 4 3 7 | 5 2 1 | 9 8 6 |
+-------+-------+-------+

=== Solution 69 ===
+-------+-------+-------+
| 2 8 6 | 1 3 5 | 4 7 9 |
| 9 1 5 | 2 4 7 | 3 6 8 |
| 7 4 3 | 6 8 9 | 1 2 5 |
+-------+-------+-------+
| 6 7 9 | 3 5 8 | 2 1 4 |
| 3 5 8 | 4 1 2 | 6 9 7 |
| 1 2 4 | 7 9 6 | 8 5 3 |
+-------+-------+-------+
| 8 6 2 | 9 7 4 | 5 3 1 |
| 5 9 1 | 8 6 3 | 7 4 2 |
| 4 3 7 | 5 2 1 | 9 8 6 |
+-------+-------+-------+

=== Solution 70 ===
+-------+-------+-------+
| 2 8 6 | 1 3 5 | 4 7 9 |
| 9 1 5 | 2 4 7 | 3 6 8 |
| 7 4 3 | 6 8 9 | 1 2 5 |
+-------+-------+-------+
| 6 7 9 | 4 5 8 | 2 1 3 |
| 3 5 8 | 7 1 2 | 6 9 4 |
| 1 2 4 | 3 9 6 | 8 5 7 |
+-------+-------+-------+
| 8 6 2 | 9 7 4 | 5 3 1 |
| 5 9 1 | 8 6 3 | 7 4 2 |
| 4 3 7 | 5 2 1 | 9 8 6 |
+-------+-------+-------+

=== Solution 71 ===
+-------+-------+-------+
| 8 6 2 | 1 3 5 | 4 7 9 |
| 9 1 5 | 2 4 7 | 3 6 8 |
| 7 4 3 | 6 8 9 | 1 2 5 |
+-------+-------+-------+
| 6 7 9 | 4 5 8 | 2 1 3 |
| 3 5 8 | 7 1 2 | 6 9 4 |
| 1 2 4 | 3 9 6 | 8 5 7 |
+-------+-------+-------+
| 2 8 6 | 9 7 4 | 5 3 1 |
| 5 9 1 | 8 6 3 | 7 4 2 |
| 4 3 7 | 5 2 1 | 9 8 6 |
+-------+-------+-------+

=== Solution 72 ===
+-------+-------+-------+
| 8 6 2 | 1 3 5 | 4 7 9 |
| 9 1 5 | 2 4 7 | 3 6 8 |
| 7 4 3 | 6 8 9 | 1 2 5 |
+-------+-------+-------+
| 6 7 9 | 4 5 2 | 8 1 3 |
| 3 5 8 | 7 1 6 | 2 9 4 |
| 1 2 4 | 3 9 8 | 6 5 7 |
+-------+-------+-------+
| 2 8 6 | 9 7 4 | 5 3 1 |
| 5 9 1 | 8 6 3 | 7 4 2 |
| 4 3 7 | 5 2 1 | 9 8 6 |
+-------+-------+-------+

=== Solution 73 ===
+-------+-------+-------+
| 2 8 6 | 1 3 5 | 4 7 9 |
| 9 1 5 | 2 4 7 | 3 6 8 |
| 7 4 3 | 6 8 9 | 1 2 5 |
+-------+-------+-------+
| 6 7 9 | 4 5 2 | 8 1 3 |
| 3 5 8 | 7 1 6 | 2 9 4 |
| 1 2 4 | 3 9 8 | 6 5 7 |
+-------+-------+-------+
| 8 6 2 | 9 7 4 | 5 3 1 |
| 5 9 1 | 8 6 3 | 7 4 2 |
| 4 3 7 | 5 2 1 | 9 8 6 |
+-------+-------+-------+

=== Solution 74 ===
+-------+-------+-------+
| 2 8 6 | 1 3 5 | 4 7 9 |
| 9 1 5 | 2 4 7 | 3 6 8 |
| 7 4 3 | 6 8 9 | 1 2 5 |
+-------+-------+-------+
| 6 7 9 | 3 5 2 | 8 1 4 |
| 3 5 8 | 4 1 6 | 2 9 7 |
| 1 2 4 | 7 9 8 | 6 5 3 |
+-------+-------+-------+
| 8 6 2 | 9 7 4 | 5 3 1 |
| 5 9 1 | 8 6 3 | 7 4 2 |
| 4 3 7 | 5 2 1 | 9 8 6 |
+-------+-------+-------+

=== Solution 75 ===
+-------+-------+-------+
| 8 6 2 | 1 3 5 | 4 7 9 |
| 9 1 5 | 2 4 7 | 3 6 8 |
| 7 4 3 | 6 8 9 | 1 2 5 |
+-------+-------+-------+
| 6 7 9 | 3 5 2 | 8 1 4 |
| 3 5 8 | 4 1 6 | 2 9 7 |
| 1 2 4 | 7 9 8 | 6 5 3 |
+-------+-------+-------+
| 2 8 6 | 9 7 4 | 5 3 1 |
| 5 9 1 | 8 6 3 | 7 4 2 |
| 4 3 7 | 5 2 1 | 9 8 6 |
+-------+-------+-------+

=== Solution 76 ===
+-------+-------+-------+
| 2 8 6 | 4 3 1 | 5 7 9 |
| 4 9 1 | 7 5 2 | 3 6 8 |
| 5 3 7 | 9 8 6 | 1 2 4 |
+-------+-------+-------+
| 6 7 9 | 8 4 5 | 2 1 3 |
| 3 5 8 | 2 1 7 | 4 9 6 |
| 1 2 4 | 6 9 3 | 8 5 7 |
+-------+-------+-------+
| 7 6 3 | 1 2 4 | 9 8 5 |
| 9 1 5 | 3 6 8 | 7 4 2 |
| 8 4 2 | 5 7 9 | 6 3 1 |
+-------+-------+-------+

=== Solution 77 ===
+-------+-------+-------+
| 2 6 7 | 9 8 4 | 1 3 5 |
| 4 9 1 | 7 5 3 | 2 6 8 |
| 5 8 3 | 6 2 1 | 4 7 9 |
+-------+-------+-------+
| 6 7 9 | 5 3 2 | 8 1 4 |
| 3 5 8 | 4 1 7 | 6 9 2 |
| 1 2 4 | 8 9 6 | 3 5 7 |
+-------+-------+-------+
| 7 3 2 | 1 4 5 | 9 8 6 |
| 9 1 5 | 2 6 8 | 7 4 3 |
| 8 4 6 | 3 7 9 | 5 2 1 |
+-------+-------+-------+

=== Solution 78 ===
+-------+-------+-------+
| 2 6 7 | 4 8 9 | 1 3 5 |
| 4 9 1 | 3 5 7 | 2 6 8 |
| 5 8 3 | 1 2 6 | 4 7 9 |
+-------+-------+-------+
| 6 7 9 | 2 3 5 | 8 1 4 |
| 3 5 8 | 7 1 4 | 6 9 2 |
| 1 2 4 | 6 9 8 | 3 5 7 |
+-------+-------+-------+
| 7 3 2 | 5 4 1 | 9 8 6 |
| 9 1 5 | 8 6 2 | 7 4 3 |
| 8 4 6 | 9 7 3 | 5 2 1 |
+-------+-------+-------+

=== Solution 79 ===
+-------+-------+-------+
| 2 8 6 | 4 7 9 | 1 3 5 |
| 4 9 1 | 3 5 8 | 2 6 7 |
| 5 3 7 | 1 2 6 | 4 8 9 |
+-------+-------+-------+
| 6 7 9 | 8 4 5 | 3 1 2 |
| 3 5 8 | 2 1 7 | 6 9 4 |
| 1 2 4 | 6 9 3 | 7 5 8 |
+-------+-------+-------+
| 8 4 2 | 5 3 1 | 9 7 6 |
| 9 1 5 | 7 6 2 | 8 4 3 |
| 7 6 3 | 9 8 4 | 5 2 1 |
+-------+-------+-------+

=== Solution 80 ===
+-------+-------+-------+
| 2 8 6 | 9 7 4 | 1 3 5 |
| 4 9 1 | 8 5 3 | 2 6 7 |
| 5 3 7 | 6 2 1 | 4 8 9 |
+-------+-------+-------+
| 6 7 9 | 5 4 8 | 3 1 2 |
| 3 5 8 | 7 1 2 | 6 9 4 |
| 1 2 4 | 3 9 6 | 7 5 8 |
+-------+-------+-------+
| 8 4 2 | 1 3 5 | 9 7 6 |
| 9 1 5 | 2 6 7 | 8 4 3 |
| 7 6 3 | 4 8 9 | 5 2 1 |
+-------+-------+-------+

=== Solution 81 ===
+-------+-------+-------+
| 7 6 2 | 9 8 4 | 1 3 5 |
| 4 9 1 | 7 5 3 | 2 6 8 |
| 5 8 3 | 6 2 1 | 4 7 9 |
+-------+-------+-------+
| 6 7 9 | 5 3 2 | 8 1 4 |
| 3 5 8 | 4 1 7 | 6 9 2 |
| 1 2 4 | 8 9 6 | 3 5 7 |
+-------+-------+-------+
| 2 3 7 | 1 4 5 | 9 8 6 |
| 9 1 5 | 2 6 8 | 7 4 3 |
| 8 4 6 | 3 7 9 | 5 2 1 |
+-------+-------+-------+

=== Solution 82 ===
+-------+-------+-------+
| 7 6 2 | 4 8 9 | 1 3 5 |
| 4 9 1 | 3 5 7 | 2 6 8 |
| 5 8 3 | 1 2 6 | 4 7 9 |
+-------+-------+-------+
| 6 7 9 | 2 3 5 | 8 1 4 |
| 3 5 8 | 7 1 4 | 6 9 2 |
| 1 2 4 | 6 9 8 | 3 5 7 |
+-------+-------+-------+
| 2 3 7 | 5 4 1 | 9 8 6 |
| 9 1 5 | 8 6 2 | 7 4 3 |
| 8 4 6 | 9 7 3 | 5 2 1 |
+-------+-------+-------+

=== Solution 83 ===
+-------+-------+-------+
| 7 6 2 | 4 8 9 | 1 3 5 |
| 4 9 1 | 3 5 7 | 2 6 8 |
| 5 8 3 | 1 2 6 | 4 7 9 |
+-------+-------+-------+
| 1 2 4 | 6 3 5 | 8 9 7 |
| 3 5 8 | 7 9 4 | 6 1 2 |
| 6 7 9 | 2 1 8 | 3 5 4 |
+-------+-------+-------+
| 2 3 7 | 5 4 1 | 9 8 6 |
| 9 1 5 | 8 6 2 | 7 4 3 |
| 8 4 6 | 9 7 3 | 5 2 1 |
+-------+-------+-------+

=== Solution 84 ===
+-------+-------+-------+
| 7 6 2 | 9 8 4 | 1 3 5 |
| 4 9 1 | 7 5 3 | 2 6 8 |
| 5 8 3 | 6 2 1 | 4 7 9 |
+-------+-------+-------+
| 1 2 4 | 5 3 6 | 8 9 7 |
| 3 5 8 | 4 9 7 | 6 1 2 |
| 6 7 9 | 8 1 2 | 3 5 4 |
+-------+-------+-------+
| 2 3 7 | 1 4 5 | 9 8 6 |
| 9 1 5 | 2 6 8 | 7 4 3 |
| 8 4 6 | 3 7 9 | 5 2 1 |
+-------+-------+-------+

=== Solution 85 ===
+-------+-------+-------+
| 7 6 2 | 9 8 4 | 1 3 5 |
| 4 9 1 | 7 5 3 | 2 6 8 |
| 5 8 3 | 6 2 1 | 4 7 9 |
+-------+-------+-------+
| 6 7 9 | 5 3 2 | 8 1 4 |
| 2 5 8 | 4 1 6 | 3 9 7 |
| 1 3 4 | 8 9 7 | 6 5 2 |
+-------+-------+-------+
| 3 2 7 | 1 4 5 | 9 8 6 |
| 9 1 5 | 2 6 8 | 7 4 3 |
| 8 4 6 | 3 7 9 | 5 2 1 |
+-------+-------+-------+

=== Solution 86 ===
+-------+-------+-------+
| 7 6 2 | 4 8 9 | 1 3 5 |
| 4 9 1 | 3 5 7 | 2 6 8 |
| 5 8 3 | 1 2 6 | 4 7 9 |
+-------+-------+-------+
| 6 7 9 | 2 3 5 | 8 1 4 |
| 2 5 8 | 6 1 4 | 3 9 7 |
| 1 3 4 | 7 9 8 | 6 5 2 |
+-------+-------+-------+
| 3 2 7 | 5 4 1 | 9 8 6 |
| 9 1 5 | 8 6 2 | 7 4 3 |
| 8 4 6 | 9 7 3 | 5 2 1 |
+-------+-------+-------+

=== Solution 87 ===
+-------+-------+-------+
| 7 6 2 | 4 8 9 | 1 3 5 |
| 4 9 1 | 3 5 7 | 2 6 8 |
| 5 3 8 | 1 2 6 | 4 7 9 |
+-------+-------+-------+
| 1 2 4 | 6 3 5 | 8 9 7 |
| 3 5 7 | 2 9 8 | 6 1 4 |
| 6 8 9 | 7 1 4 | 3 5 2 |
+-------+-------+-------+
| 2 7 3 | 5 4 1 | 9 8 6 |
| 9 1 5 | 8 6 2 | 7 4 3 |
| 8 4 6 | 9 7 3 | 5 2 1 |
+-------+-------+-------+

=== Solution 88 ===
+-------+-------+-------+
| 7 6 2 | 9 8 4 | 1 3 5 |
| 4 9 1 | 7 5 3 | 2 6 8 |
| 5 3 8 | 6 2 1 | 4 7 9 |
+-------+-------+-------+
| 1 2 4 | 5 3 6 | 8 9 7 |
| 3 5 7 | 8 9 2 | 6 1 4 |
| 6 8 9 | 4 1 7 | 3 5 2 |
+-------+-------+-------+
| 2 7 3 | 1 4 5 | 9 8 6 |
| 9 1 5 | 2 6 8 | 7 4 3 |
| 8 4 6 | 3 7 9 | 5 2 1 |
+-------+-------+-------+

=== Solution 89 ===
+-------+-------+-------+
| 6 7 2 | 9 8 4 | 1 3 5 |
| 4 1 9 | 7 5 3 | 2 6 8 |
| 3 5 8 | 6 2 1 | 4 7 9 |
+-------+-------+-------+
| 5 2 1 | 8 3 7 | 6 9 4 |
| 7 4 3 | 5 9 6 | 8 1 2 |
| 9 8 6 | 4 1 2 | 3 5 7 |
+-------+-------+-------+
| 2 3 7 | 1 4 5 | 9 8 6 |
| 1 9 5 | 2 6 8 | 7 4 3 |
| 8 6 4 | 3 7 9 | 5 2 1 |
+-------+-------+-------+

=== Solution 90 ===
+-------+-------+-------+
| 6 7 2 | 4 8 9 | 1 3 5 |
| 4 1 9 | 3 5 7 | 2 6 8 |
| 3 5 8 | 1 2 6 | 4 7 9 |
+-------+-------+-------+
| 5 2 1 | 7 3 8 | 6 9 4 |
| 7 4 3 | 6 9 5 | 8 1 2 |
| 9 8 6 | 2 1 4 | 3 5 7 |
+-------+-------+-------+
| 2 3 7 | 5 4 1 | 9 8 6 |
| 1 9 5 | 8 6 2 | 7 4 3 |
| 8 6 4 | 9 7 3 | 5 2 1 |
+-------+-------+-------+

=== Solution 91 ===
+-------+-------+-------+
| 7 6 2 | 4 8 9 | 1 3 5 |
| 4 1 9 | 3 5 7 | 2 6 8 |
| 5 3 8 | 1 2 6 | 4 7 9 |
+-------+-------+-------+
| 9 8 7 | 2 3 5 | 6 1 4 |
| 6 5 4 | 7 1 8 | 3 9 2 |
| 3 2 1 | 6 9 4 | 8 5 7 |
+-------+-------+-------+
| 2 7 3 | 5 4 1 | 9 8 6 |
| 1 9 5 | 8 6 2 | 7 4 3 |
| 8 4 6 | 9 7 3 | 5 2 1 |
+-------+-------+-------+

=== Solution 92 ===
+-------+-------+-------+
| 7 6 2 | 9 8 4 | 1 3 5 |
| 4 1 9 | 7 5 3 | 2 6 8 |
| 5 3 8 | 6 2 1 | 4 7 9 |
+-------+-------+-------+
| 9 8 7 | 5 3 2 | 6 1 4 |
| 6 5 4 | 8 1 7 | 3 9 2 |
| 3 2 1 | 4 9 6 | 8 5 7 |
+-------+-------+-------+
| 2 7 3 | 1 4 5 | 9 8 6 |
| 1 9 5 | 2 6 8 | 7 4 3 |
| 8 4 6 | 3 7 9 | 5 2 1 |
+-------+-------+-------+

=== Solution 93 ===
+-------+-------+-------+
| 7 6 2 | 4 8 9 | 1 3 5 |
| 4 1 9 | 3 5 7 | 2 6 8 |
| 3 5 8 | 1 2 6 | 4 7 9 |
+-------+-------+-------+
| 5 2 1 | 6 4 8 | 3 9 7 |
| 6 4 3 | 7 9 5 | 8 1 2 |
| 9 8 7 | 2 1 3 | 6 5 4 |
+-------+-------+-------+
| 2 7 4 | 5 3 1 | 9 8 6 |
| 1 9 5 | 8 6 2 | 7 4 3 |
| 8 3 6 | 9 7 4 | 5 2 1 |
+-------+-------+-------+

=== Solution 94 ===
+-------+-------+-------+
| 7 4 2 | 6 8 9 | 1 3 5 |
| 9 1 5 | 3 4 7 | 2 6 8 |
| 6 3 8 | 1 2 5 | 4 7 9 |
+-------+-------+-------+
| 1 2 6 | 7 5 8 | 3 9 4 |
| 3 5 7 | 4 9 6 | 8 1 2 |
| 4 8 9 | 2 1 3 | 6 5 7 |
+-------+-------+-------+
| 2 7 4 | 5 3 1 | 9 8 6 |
| 5 9 1 | 8 6 2 | 7 4 3 |
| 8 6 3 | 9 7 4 | 5 2 1 |
+-------+-------+-------+

=== Solution 95 ===
+-------+-------+-------+
| 7 4 2 | 6 8 9 | 1 3 5 |
| 5 9 1 | 3 4 7 | 2 6 8 |
| 6 3 8 | 1 2 5 | 4 7 9 |
+-------+-------+-------+
| 1 2 6 | 7 5 8 | 3 9 4 |
| 3 5 7 | 4 9 6 | 8 1 2 |
| 4 8 9 | 2 1 3 | 6 5 7 |
+-------+-------+-------+
| 2 7 4 | 5 3 1 | 9 8 6 |
| 9 1 5 | 8 6 2 | 7 4 3 |
| 8 6 3 | 9 7 4 | 5 2 1 |
+-------+-------+-------+

=== Solution 96 ===
+-------+-------+-------+
| 7 4 2 | 6 8 9 | 1 3 5 |
| 5 9 1 | 3 4 7 | 2 6 8 |
| 6 3 8 | 1 2 5 | 4 7 9 |
+-------+-------+-------+
| 1 2 6 | 7 9 8 | 3 5 4 |
| 3 5 7 | 4 1 6 | 8 9 2 |
| 4 8 9 | 2 5 3 | 6 1 7 |
+-------+-------+-------+
| 2 7 4 | 5 3 1 | 9 8 6 |
| 9 1 5 | 8 6 2 | 7 4 3 |
| 8 6 3 | 9 7 4 | 5 2 1 |
+-------+-------+-------+

=== Solution 97 ===
+-------+-------+-------+
| 7 4 2 | 6 8 9 | 1 3 5 |
| 9 1 5 | 3 4 7 | 2 6 8 |
| 6 3 8 | 1 2 5 | 4 7 9 |
+-------+-------+-------+
| 1 2 6 | 7 9 8 | 3 5 4 |
| 3 5 7 | 4 1 6 | 8 9 2 |
| 4 8 9 | 2 5 3 | 6 1 7 |
+-------+-------+-------+
| 2 7 4 | 5 3 1 | 9 8 6 |
| 5 9 1 | 8 6 2 | 7 4 3 |
| 8 6 3 | 9 7 4 | 5 2 1 |
+-------+-------+-------+

=== Solution 98 ===
+-------+-------+-------+
| 7 4 2 | 6 8 9 | 1 3 5 |
| 5 9 1 | 3 4 7 | 2 6 8 |
| 6 3 8 | 1 2 5 | 4 7 9 |
+-------+-------+-------+
| 1 2 6 | 7 9 8 | 5 4 3 |
| 3 5 7 | 4 1 6 | 8 9 2 |
| 4 8 9 | 2 5 3 | 6 1 7 |
+-------+-------+-------+
| 2 7 4 | 5 3 1 | 9 8 6 |
| 9 1 3 | 8 6 2 | 7 5 4 |
| 8 6 5 | 9 7 4 | 3 2 1 |
+-------+-------+-------+

=== Solution 99 ===
+-------+-------+-------+
| 7 4 2 | 6 8 9 | 1 3 5 |
| 5 9 1 | 3 4 7 | 2 6 8 |
| 6 3 8 | 1 2 5 | 4 7 9 |
+-------+-------+-------+
| 1 2 6 | 4 9 8 | 3 5 7 |
| 3 5 7 | 2 1 6 | 8 9 4 |
| 4 8 9 | 7 5 3 | 6 1 2 |
+-------+-------+-------+
| 2 7 4 | 5 3 1 | 9 8 6 |
| 9 1 5 | 8 6 2 | 7 4 3 |
| 8 6 3 | 9 7 4 | 5 2 1 |
+-------+-------+-------+

=== Solution 100 ===
+-------+-------+-------+
| 7 4 2 | 6 8 9 | 1 3 5 |
| 9 1 5 | 3 4 7 | 2 6 8 |
| 6 3 8 | 1 2 5 | 4 7 9 |
+-------+-------+-------+
| 1 2 6 | 4 9 8 | 3 5 7 |
| 3 5 7 | 2 1 6 | 8 9 4 |
| 4 8 9 | 7 5 3 | 6 1 2 |
+-------+-------+-------+
| 2 7 4 | 5 3 1 | 9 8 6 |
| 5 9 1 | 8 6 2 | 7 4 3 |
| 8 6 3 | 9 7 4 | 5 2 1 |
+-------+-------+-------+

